osu file format v14

[General]
AudioFilename: audio.mp3
AudioLeadIn: 0
PreviewTime: -1
Countdown: 0
SampleSet: Normal
StackLeniency: 0
Mode: 0
LetterboxInBreaks: 0
WidescreenStoryboard: 0

[Editor]
DistanceSpacing: 0.1
BeatDivisor: 8
GridSize: 32
TimelineZoom: 1.600005

[Metadata]
Title:When Hate Takes Over
TitleUnicode:When Hate Takes Over
Artist:Imil
ArtistUnicode:Imil
Creator:TabletEasy
Version:ss
Source:
Tags:
BeatmapID:0
BeatmapSetID:-1

[Difficulty]
HPDrainRate:5
CircleSize:5
OverallDifficulty:5
ApproachRate:10
SliderMultiplier:1.4
SliderTickRate:1

[Events]
//Background and Video events
0,0,"SS_OSU_Cool.png",0,0
//Break Periods
//Storyboard Layer 0 (Background)
//Storyboard Layer 1 (Fail)
//Storyboard Layer 2 (Pass)
//Storyboard Layer 3 (Foreground)
//Storyboard Layer 4 (Overlay)
//Storyboard Sound Samples

[TimingPoints]
40,171.428571428571,4,1,0,100,1,0


[HitObjects]
320,256,40,5,0,0:0:0:0:
256,128,211,1,0,0:0:0:0:
192,256,382,1,0,0:0:0:0:
320,192,554,1,0,0:0:0:0:
192,128,725,1,0,0:0:0:0:
320,256,897,1,0,0:0:0:0:
320,128,1068,1,0,0:0:0:0:
256,256,1240,1,0,0:0:0:0:
256,128,1411,1,0,0:0:0:0:
192,256,1582,1,0,0:0:0:0:
320,192,1754,1,0,0:0:0:0:
192,128,1925,1,0,0:0:0:0:
320,256,2097,1,0,0:0:0:0:
320,128,2268,1,0,0:0:0:0:
256,256,2439,1,0,0:0:0:0:
192,128,2611,1,0,0:0:0:0:
320,192,2782,1,0,0:0:0:0:
192,256,2954,1,0,0:0:0:0:
320,128,3125,1,0,0:0:0:0:
256,256,3297,1,0,0:0:0:0:
192,128,3468,1,0,0:0:0:0:
320,256,3639,1,0,0:0:0:0:
256,128,3811,1,0,0:0:0:0:
192,256,3982,1,0,0:0:0:0:
320,192,4154,1,0,0:0:0:0:
192,192,4325,1,0,0:0:0:0:
320,256,4497,1,0,0:0:0:0:
320,128,4668,1,0,0:0:0:0:
256,256,4839,1,0,0:0:0:0:
192,128,5011,1,0,0:0:0:0:
320,256,5182,1,0,0:0:0:0:
256,128,5354,1,0,0:0:0:0:
192,256,5525,1,0,0:0:0:0:
320,192,5697,1,0,0:0:0:0:
192,128,5868,1,0,0:0:0:0:
192,160,5889,1,0,0:0:0:0:
256,256,6039,1,0,0:0:0:0:
320,256,6125,1,0,0:0:0:0:
320,192,6211,1,0,0:0:0:0:
320,128,6297,1,0,0:0:0:0:
256,128,6382,1,0,0:0:0:0:
192,256,6554,1,0,0:0:0:0:
320,128,6725,1,0,0:0:0:0:
256,256,6897,1,0,0:0:0:0:
192,128,7068,1,0,0:0:0:0:
320,224,7239,1,0,0:0:0:0:
320,256,7261,1,0,0:0:0:0:
192,256,7411,1,0,0:0:0:0:
192,192,7497,1,0,0:0:0:0:
256,192,7582,1,0,0:0:0:0:
320,192,7668,1,0,0:0:0:0:
320,128,7754,1,0,0:0:0:0:
192,128,7925,1,0,0:0:0:0:
192,192,8011,1,0,0:0:0:0:
192,256,8097,1,0,0:0:0:0:
320,128,8268,1,0,0:0:0:0:
192,192,8439,1,0,0:0:0:0:
320,256,8611,1,0,0:0:0:0:
320,224,8632,1,0,0:0:0:0:
192,128,8782,1,0,0:0:0:0:
192,192,8868,1,0,0:0:0:0:
192,256,8954,1,0,0:0:0:0:
256,256,9039,1,0,0:0:0:0:
320,256,9125,1,0,0:0:0:0:
256,128,9297,1,0,0:0:0:0:
192,256,9468,1,0,0:0:0:0:
320,128,9639,1,0,0:0:0:0:
256,128,9661,1,0,0:0:0:0:
192,128,9682,1,0,0:0:0:0:
192,192,9704,1,0,0:0:0:0:
192,256,9725,1,0,0:0:0:0:
256,256,9747,1,0,0:0:0:0:
320,256,9768,1,0,0:0:0:0:
320,192,9789,1,0,0:0:0:0:
320,128,9811,1,0,0:0:0:0:
256,128,9832,1,0,0:0:0:0:
192,128,9854,1,0,0:0:0:0:
192,192,9875,1,0,0:0:0:0:
192,256,9897,1,0,0:0:0:0:
256,256,9918,1,0,0:0:0:0:
320,256,9939,1,0,0:0:0:0:
320,192,9961,1,0,0:0:0:0:
320,128,9982,1,0,0:0:0:0:
256,128,10011,1,0,0:0:0:0:
192,128,10039,1,0,0:0:0:0:
192,192,10068,1,0,0:0:0:0:
192,256,10097,1,0,0:0:0:0:
256,256,10125,1,0,0:0:0:0:
320,256,10154,1,0,0:0:0:0:
320,192,10182,1,0,0:0:0:0:
320,128,10211,1,0,0:0:0:0:
256,128,10239,1,0,0:0:0:0:
192,128,10268,1,0,0:0:0:0:
192,192,10297,1,0,0:0:0:0:
192,256,10325,1,0,0:0:0:0:
256,256,10368,1,0,0:0:0:0:
320,256,10411,1,0,0:0:0:0:
320,192,10454,1,0,0:0:0:0:
320,128,10497,1,0,0:0:0:0:
256,128,10539,1,0,0:0:0:0:
192,128,10582,1,0,0:0:0:0:
192,192,10625,1,0,0:0:0:0:
192,256,10668,1,0,0:0:0:0:
256,256,10754,1,0,0:0:0:0:
320,256,10839,1,0,0:0:0:0:
320,192,10925,1,0,0:0:0:0:
320,128,11011,1,0,0:0:0:0:
256,128,11032,1,0,0:0:0:0:
192,128,11054,1,0,0:0:0:0:
192,192,11075,1,0,0:0:0:0:
256,192,11097,1,0,0:0:0:0:
320,192,11118,1,0,0:0:0:0:
320,256,11139,1,0,0:0:0:0:
256,256,11161,1,0,0:0:0:0:
192,256,11182,1,0,0:0:0:0:
192,192,11225,1,0,0:0:0:0:
192,128,11268,1,0,0:0:0:0:
256,128,11311,1,0,0:0:0:0:
320,128,11354,1,0,0:0:0:0:
320,192,11375,1,0,0:0:0:0:
320,256,11397,1,0,0:0:0:0:
256,256,11418,1,0,0:0:0:0:
256,192,11439,1,0,0:0:0:0:
256,128,11461,1,0,0:0:0:0:
192,128,11482,1,0,0:0:0:0:
192,192,11504,1,0,0:0:0:0:
192,256,11525,1,0,0:0:0:0:
256,256,11568,1,0,0:0:0:0:
320,256,11611,1,0,0:0:0:0:
320,192,11654,1,0,0:0:0:0:
320,128,11697,1,0,0:0:0:0:
256,128,11718,1,0,0:0:0:0:
256,192,11739,1,0,0:0:0:0:
256,256,11761,1,0,0:0:0:0:
192,256,11782,1,0,0:0:0:0:
192,192,11804,1,0,0:0:0:0:
256,192,11825,1,0,0:0:0:0:
320,192,11847,1,0,0:0:0:0:
320,256,11868,1,0,0:0:0:0:
256,256,11911,1,0,0:0:0:0:
256,192,11954,1,0,0:0:0:0:
256,128,11997,1,0,0:0:0:0:
192,128,12039,1,0,0:0:0:0:
192,192,12061,1,0,0:0:0:0:
192,256,12082,1,0,0:0:0:0:
256,256,12104,1,0,0:0:0:0:
320,256,12125,1,0,0:0:0:0:
320,192,12147,1,0,0:0:0:0:
256,192,12168,1,0,0:0:0:0:
192,192,12189,1,0,0:0:0:0:
192,128,12211,1,0,0:0:0:0:
256,128,12254,1,0,0:0:0:0:
256,192,12297,1,0,0:0:0:0:
256,256,12339,1,0,0:0:0:0:
320,256,12382,1,0,0:0:0:0:
320,192,12404,1,0,0:0:0:0:
320,128,12425,1,0,0:0:0:0:
256,128,12447,1,0,0:0:0:0:
256,192,12468,1,0,0:0:0:0:
256,256,12489,1,0,0:0:0:0:
192,256,12511,1,0,0:0:0:0:
192,192,12532,1,0,0:0:0:0:
192,128,12554,1,0,0:0:0:0:
256,128,12597,1,0,0:0:0:0:
320,128,12639,1,0,0:0:0:0:
320,192,12682,1,0,0:0:0:0:
320,256,12725,1,0,0:0:0:0:
256,256,12747,1,0,0:0:0:0:
256,192,12768,1,0,0:0:0:0:
256,128,12789,1,0,0:0:0:0:
192,128,12811,1,0,0:0:0:0:
192,192,12832,1,0,0:0:0:0:
192,256,12854,1,0,0:0:0:0:
256,256,12875,1,0,0:0:0:0:
320,256,12897,1,0,0:0:0:0:
320,192,12939,1,0,0:0:0:0:
320,128,12982,1,0,0:0:0:0:
256,128,13025,1,0,0:0:0:0:
192,128,13068,1,0,0:0:0:0:
192,192,13089,1,0,0:0:0:0:
192,256,13111,1,0,0:0:0:0:
256,256,13132,1,0,0:0:0:0:
320,256,13154,1,0,0:0:0:0:
320,192,13175,1,0,0:0:0:0:
320,128,13197,1,0,0:0:0:0:
256,128,13218,1,0,0:0:0:0:
192,128,13239,1,0,0:0:0:0:
192,192,13282,1,0,0:0:0:0:
256,192,13325,1,0,0:0:0:0:
320,192,13368,1,0,0:0:0:0:
320,256,13411,1,0,0:0:0:0:
256,256,13432,1,0,0:0:0:0:
192,256,13454,1,0,0:0:0:0:
192,192,13475,1,0,0:0:0:0:
256,192,13497,1,0,0:0:0:0:
320,192,13518,1,0,0:0:0:0:
320,128,13539,1,0,0:0:0:0:
256,128,13561,1,0,0:0:0:0:
192,128,13582,1,0,0:0:0:0:
192,192,13625,1,0,0:0:0:0:
256,192,13668,1,0,0:0:0:0:
320,192,13711,1,0,0:0:0:0:
320,256,13754,1,0,0:0:0:0:
256,256,13775,1,0,0:0:0:0:
192,256,13797,1,0,0:0:0:0:
192,192,13818,1,0,0:0:0:0:
256,192,13839,1,0,0:0:0:0:
320,192,13861,1,0,0:0:0:0:
320,128,13882,1,0,0:0:0:0:
256,128,13904,1,0,0:0:0:0:
192,128,13925,1,0,0:0:0:0:
192,192,13968,1,0,0:0:0:0:
192,256,14011,1,0,0:0:0:0:
256,256,14054,1,0,0:0:0:0:
320,256,14097,1,0,0:0:0:0:
320,192,14118,1,0,0:0:0:0:
256,192,14139,1,0,0:0:0:0:
192,192,14161,1,0,0:0:0:0:
192,128,14182,1,0,0:0:0:0:
256,128,14204,1,0,0:0:0:0:
256,192,14225,1,0,0:0:0:0:
256,256,14247,1,0,0:0:0:0:
320,256,14268,1,0,0:0:0:0:
320,192,14311,1,0,0:0:0:0:
320,128,14354,1,0,0:0:0:0:
256,128,14397,1,0,0:0:0:0:
192,128,14439,1,0,0:0:0:0:
192,192,14461,1,0,0:0:0:0:
192,256,14482,1,0,0:0:0:0:
256,256,14504,1,0,0:0:0:0:
320,256,14525,1,0,0:0:0:0:
320,192,14547,1,0,0:0:0:0:
256,192,14568,1,0,0:0:0:0:
192,192,14589,1,0,0:0:0:0:
192,128,14611,1,0,0:0:0:0:
256,128,14654,1,0,0:0:0:0:
320,128,14697,1,0,0:0:0:0:
320,192,14739,1,0,0:0:0:0:
320,256,14782,1,0,0:0:0:0:
256,256,14804,1,0,0:0:0:0:
192,256,14825,1,0,0:0:0:0:
192,192,14847,1,0,0:0:0:0:
256,192,14868,1,0,0:0:0:0:
320,192,14889,1,0,0:0:0:0:
320,128,14911,1,0,0:0:0:0:
256,128,14932,1,0,0:0:0:0:
192,128,14954,1,0,0:0:0:0:
192,192,14997,1,0,0:0:0:0:
192,256,15039,1,0,0:0:0:0:
256,256,15082,1,0,0:0:0:0:
320,256,15125,1,0,0:0:0:0:
320,192,15147,1,0,0:0:0:0:
320,128,15168,1,0,0:0:0:0:
256,128,15189,1,0,0:0:0:0:
256,192,15211,1,0,0:0:0:0:
256,256,15232,1,0,0:0:0:0:
192,256,15254,1,0,0:0:0:0:
192,192,15275,1,0,0:0:0:0:
192,128,15297,1,0,0:0:0:0:
256,128,15339,1,0,0:0:0:0:
320,128,15382,1,0,0:0:0:0:
320,192,15425,1,0,0:0:0:0:
320,256,15468,1,0,0:0:0:0:
256,256,15489,1,0,0:0:0:0:
192,256,15511,1,0,0:0:0:0:
192,192,15532,1,0,0:0:0:0:
256,192,15554,1,0,0:0:0:0:
320,192,15575,1,0,0:0:0:0:
320,128,15597,1,0,0:0:0:0:
256,128,15618,1,0,0:0:0:0:
192,128,15639,1,0,0:0:0:0:
192,192,15682,1,0,0:0:0:0:
256,192,15725,1,0,0:0:0:0:
320,192,15768,1,0,0:0:0:0:
320,256,15811,1,0,0:0:0:0:
256,256,15832,1,0,0:0:0:0:
192,256,15854,1,0,0:0:0:0:
192,192,15875,1,0,0:0:0:0:
256,192,15897,1,0,0:0:0:0:
320,192,15918,1,0,0:0:0:0:
320,128,15939,1,0,0:0:0:0:
256,128,15982,1,0,0:0:0:0:
192,128,16025,1,0,0:0:0:0:
192,192,16068,1,0,0:0:0:0:
192,256,16111,1,0,0:0:0:0:
256,256,16132,1,0,0:0:0:0:
320,256,16154,1,0,0:0:0:0:
320,192,16175,1,0,0:0:0:0:
256,192,16197,1,0,0:0:0:0:
192,192,16218,1,0,0:0:0:0:
192,128,16239,1,0,0:0:0:0:
256,128,16261,1,0,0:0:0:0:
320,128,16282,1,0,0:0:0:0:
320,192,16325,1,0,0:0:0:0:
320,256,16368,1,0,0:0:0:0:
256,256,16411,1,0,0:0:0:0:
192,256,16454,1,0,0:0:0:0:
192,192,16475,1,0,0:0:0:0:
256,192,16497,1,0,0:0:0:0:
320,192,16518,1,0,0:0:0:0:
320,128,16539,1,0,0:0:0:0:
256,128,16561,1,0,0:0:0:0:
256,192,16582,1,0,0:0:0:0:
256,256,16604,1,0,0:0:0:0:
320,256,16625,1,0,0:0:0:0:
320,192,16647,1,0,0:0:0:0:
320,128,16668,1,0,0:0:0:0:
256,128,16711,1,0,0:0:0:0:
192,128,16754,1,0,0:0:0:0:
192,192,16797,1,0,0:0:0:0:
192,256,16839,1,0,0:0:0:0:
256,256,16861,1,0,0:0:0:0:
320,256,16882,1,0,0:0:0:0:
320,192,16904,1,0,0:0:0:0:
256,192,16925,1,0,0:0:0:0:
192,192,16947,1,0,0:0:0:0:
192,128,16968,1,0,0:0:0:0:
256,128,16989,1,0,0:0:0:0:
320,128,17011,1,0,0:0:0:0:
320,192,17054,1,0,0:0:0:0:
320,256,17097,1,0,0:0:0:0:
256,256,17139,1,0,0:0:0:0:
192,256,17182,1,0,0:0:0:0:
192,192,17204,1,0,0:0:0:0:
192,128,17225,1,0,0:0:0:0:
256,128,17247,1,0,0:0:0:0:
256,192,17268,1,0,0:0:0:0:
256,256,17289,1,0,0:0:0:0:
320,256,17311,1,0,0:0:0:0:
320,192,17332,1,0,0:0:0:0:
320,128,17354,1,0,0:0:0:0:
256,128,17397,1,0,0:0:0:0:
192,128,17439,1,0,0:0:0:0:
192,192,17482,1,0,0:0:0:0:
192,256,17525,1,0,0:0:0:0:
256,256,17547,1,0,0:0:0:0:
320,256,17568,1,0,0:0:0:0:
320,192,17589,1,0,0:0:0:0:
256,192,17611,1,0,0:0:0:0:
192,192,17632,1,0,0:0:0:0:
192,128,17654,1,0,0:0:0:0:
256,128,17675,1,0,0:0:0:0:
320,128,17697,1,0,0:0:0:0:
320,192,17739,1,0,0:0:0:0:
320,256,17782,1,0,0:0:0:0:
256,256,17825,1,0,0:0:0:0:
192,256,17868,1,0,0:0:0:0:
192,192,17889,1,0,0:0:0:0:
256,192,17911,1,0,0:0:0:0:
320,192,17932,1,0,0:0:0:0:
320,128,17954,1,0,0:0:0:0:
256,128,17975,1,0,0:0:0:0:
192,128,17997,1,0,0:0:0:0:
192,192,18018,1,0,0:0:0:0:
192,256,18039,1,0,0:0:0:0:
256,256,18082,1,0,0:0:0:0:
320,256,18125,1,0,0:0:0:0:
320,192,18168,1,0,0:0:0:0:
320,128,18211,1,0,0:0:0:0:
256,128,18232,1,0,0:0:0:0:
256,192,18254,1,0,0:0:0:0:
256,256,18275,1,0,0:0:0:0:
192,256,18297,1,0,0:0:0:0:
192,192,18318,1,0,0:0:0:0:
192,128,18339,1,0,0:0:0:0:
256,128,18361,1,0,0:0:0:0:
320,128,18382,1,0,0:0:0:0:
320,192,18425,1,0,0:0:0:0:
320,256,18468,1,0,0:0:0:0:
256,256,18511,1,0,0:0:0:0:
192,256,18554,1,0,0:0:0:0:
192,192,18575,1,0,0:0:0:0:
256,192,18597,1,0,0:0:0:0:
320,192,18618,1,0,0:0:0:0:
320,128,18639,1,0,0:0:0:0:
256,128,18661,1,0,0:0:0:0:
192,128,18682,1,0,0:0:0:0:
192,192,18704,1,0,0:0:0:0:
192,256,18725,1,0,0:0:0:0:
256,256,18768,1,0,0:0:0:0:
320,256,18811,1,0,0:0:0:0:
320,192,18854,1,0,0:0:0:0:
320,128,18897,1,0,0:0:0:0:
256,128,18918,1,0,0:0:0:0:
256,192,18939,1,0,0:0:0:0:
256,256,18961,1,0,0:0:0:0:
192,256,18982,1,0,0:0:0:0:
192,192,19004,1,0,0:0:0:0:
192,128,19025,1,0,0:0:0:0:
256,128,19047,1,0,0:0:0:0:
320,128,19068,1,0,0:0:0:0:
320,192,19111,1,0,0:0:0:0:
320,256,19154,1,0,0:0:0:0:
256,256,19197,1,0,0:0:0:0:
192,256,19239,1,0,0:0:0:0:
192,192,19261,1,0,0:0:0:0:
192,128,19282,1,0,0:0:0:0:
256,128,19304,1,0,0:0:0:0:
256,192,19325,1,0,0:0:0:0:
256,256,19347,1,0,0:0:0:0:
320,256,19368,1,0,0:0:0:0:
320,192,19389,1,0,0:0:0:0:
320,128,19411,1,0,0:0:0:0:
256,128,19454,1,0,0:0:0:0:
192,128,19497,1,0,0:0:0:0:
192,192,19539,1,0,0:0:0:0:
192,256,19582,1,0,0:0:0:0:
256,256,19604,1,0,0:0:0:0:
320,256,19625,1,0,0:0:0:0:
320,192,19647,1,0,0:0:0:0:
256,192,19668,1,0,0:0:0:0:
192,192,19689,1,0,0:0:0:0:
192,128,19711,1,0,0:0:0:0:
256,128,19732,1,0,0:0:0:0:
320,128,19754,1,0,0:0:0:0:
320,192,19797,1,0,0:0:0:0:
320,256,19839,1,0,0:0:0:0:
256,256,19882,1,0,0:0:0:0:
256,192,19904,1,0,0:0:0:0:
256,128,19925,1,0,0:0:0:0:
192,128,19947,1,0,0:0:0:0:
192,192,19968,1,0,0:0:0:0:
192,256,19989,1,0,0:0:0:0:
256,256,20011,1,0,0:0:0:0:
320,256,20032,1,0,0:0:0:0:
320,192,20075,1,0,0:0:0:0:
320,128,20118,1,0,0:0:0:0:
256,128,20161,1,0,0:0:0:0:
192,128,20204,1,0,0:0:0:0:
192,192,20247,1,0,0:0:0:0:
192,256,20268,1,0,0:0:0:0:
256,256,20289,1,0,0:0:0:0:
320,256,20311,1,0,0:0:0:0:
320,192,20332,1,0,0:0:0:0:
320,128,20354,1,0,0:0:0:0:
256,128,20375,1,0,0:0:0:0:
256,192,20397,1,0,0:0:0:0:
256,256,20418,1,0,0:0:0:0:
192,256,20439,1,0,0:0:0:0:
192,192,20482,1,0,0:0:0:0:
192,128,20525,1,0,0:0:0:0:
256,128,20568,1,0,0:0:0:0:
320,128,20611,1,0,0:0:0:0:
320,192,20632,1,0,0:0:0:0:
320,256,20654,1,0,0:0:0:0:
256,256,20675,1,0,0:0:0:0:
256,192,20697,1,0,0:0:0:0:
256,128,20718,1,0,0:0:0:0:
192,128,20739,1,0,0:0:0:0:
192,192,20761,1,0,0:0:0:0:
192,256,20782,1,0,0:0:0:0:
320,192,20954,1,0,0:0:0:0:
192,128,21125,1,0,0:0:0:0:
192,256,21297,1,0,0:0:0:0:
256,256,21318,1,0,0:0:0:0:
320,256,21339,1,0,0:0:0:0:
320,192,21361,1,0,0:0:0:0:
256,192,21382,1,0,0:0:0:0:
192,192,21404,1,0,0:0:0:0:
192,128,21425,1,0,0:0:0:0:
256,128,21447,1,0,0:0:0:0:
256,192,21468,1,0,0:0:0:0:
256,256,21489,1,0,0:0:0:0:
192,256,21511,1,0,0:0:0:0:
192,192,21532,1,0,0:0:0:0:
256,192,21554,1,0,0:0:0:0:
320,192,21575,1,0,0:0:0:0:
320,128,21597,1,0,0:0:0:0:
256,128,21618,1,0,0:0:0:0:
192,128,21639,1,0,0:0:0:0:
192,192,21661,1,0,0:0:0:0:
192,256,21682,1,0,0:0:0:0:
256,256,21704,1,0,0:0:0:0:
320,256,21725,1,0,0:0:0:0:
320,192,21747,1,0,0:0:0:0:
256,192,21768,1,0,0:0:0:0:
192,192,21789,1,0,0:0:0:0:
192,128,21811,1,0,0:0:0:0:
256,128,21832,1,0,0:0:0:0:
256,192,21854,1,0,0:0:0:0:
256,256,21875,1,0,0:0:0:0:
192,256,21897,1,0,0:0:0:0:
192,192,21918,1,0,0:0:0:0:
256,192,21939,1,0,0:0:0:0:
320,192,21961,1,0,0:0:0:0:
320,128,21982,1,0,0:0:0:0:
192,192,22068,1,0,0:0:0:0:
320,256,22154,1,0,0:0:0:0:
256,128,22239,1,0,0:0:0:0:
192,256,22325,1,0,0:0:0:0:
320,128,22411,1,0,0:0:0:0:
256,256,22497,1,0,0:0:0:0:
192,128,22582,1,0,0:0:0:0:
320,256,22668,1,0,0:0:0:0:
256,128,22754,1,0,0:0:0:0:
192,256,22839,1,0,0:0:0:0:
320,192,22925,1,0,0:0:0:0:
192,192,23011,1,0,0:0:0:0:
320,256,23097,1,0,0:0:0:0:
320,128,23182,1,0,0:0:0:0:
256,256,23268,1,0,0:0:0:0:
192,128,23354,1,0,0:0:0:0:
320,256,23439,1,0,0:0:0:0:
320,128,23525,1,0,0:0:0:0:
192,256,23611,1,0,0:0:0:0:
320,192,23697,1,0,0:0:0:0:
192,192,23782,1,0,0:0:0:0:
320,256,23868,1,0,0:0:0:0:
192,128,23954,1,0,0:0:0:0:
256,256,24039,1,0,0:0:0:0:
320,128,24125,1,0,0:0:0:0:
192,192,24211,1,0,0:0:0:0:
320,256,24297,1,0,0:0:0:0:
256,128,24382,1,0,0:0:0:0:
192,256,24554,1,0,0:0:0:0:
192,256,24575,1,0,0:0:0:0:
320,192,24597,1,0,0:0:0:0:
320,192,24618,1,0,0:0:0:0:
192,128,24639,1,0,0:0:0:0:
192,128,24661,1,0,0:0:0:0:
256,256,24682,1,0,0:0:0:0:
256,256,24704,1,0,0:0:0:0:
320,128,24725,1,0,0:0:0:0:
192,192,24811,1,0,0:0:0:0:
320,256,24897,1,0,0:0:0:0:
320,128,24982,1,0,0:0:0:0:
256,256,25068,1,0,0:0:0:0:
192,128,25154,1,0,0:0:0:0:
320,256,25239,1,0,0:0:0:0:
256,128,25325,1,0,0:0:0:0:
192,256,25411,1,0,0:0:0:0:
320,192,25497,1,0,0:0:0:0:
192,128,25582,1,0,0:0:0:0:
320,256,25668,1,0,0:0:0:0:
320,128,25754,1,0,0:0:0:0:
256,256,25839,1,0,0:0:0:0:
192,128,25925,1,0,0:0:0:0:
320,256,26011,1,0,0:0:0:0:
320,128,26097,1,0,0:0:0:0:
256,128,26118,1,0,0:0:0:0:
192,128,26139,1,0,0:0:0:0:
192,192,26161,1,0,0:0:0:0:
256,192,26182,1,0,0:0:0:0:
320,192,26204,1,0,0:0:0:0:
320,256,26225,1,0,0:0:0:0:
256,256,26247,1,0,0:0:0:0:
192,256,26268,1,0,0:0:0:0:
192,192,26311,1,0,0:0:0:0:
192,128,26354,1,0,0:0:0:0:
256,128,26397,1,0,0:0:0:0:
320,128,26439,1,0,0:0:0:0:
320,192,26461,1,0,0:0:0:0:
320,256,26482,1,0,0:0:0:0:
256,256,26504,1,0,0:0:0:0:
256,192,26525,1,0,0:0:0:0:
256,128,26547,1,0,0:0:0:0:
192,128,26568,1,0,0:0:0:0:
192,192,26589,1,0,0:0:0:0:
192,256,26611,1,0,0:0:0:0:
256,256,26654,1,0,0:0:0:0:
320,256,26697,1,0,0:0:0:0:
320,192,26739,1,0,0:0:0:0:
320,128,26782,1,0,0:0:0:0:
320,128,26804,1,0,0:0:0:0:
192,192,26825,1,0,0:0:0:0:
192,192,26847,1,0,0:0:0:0:
320,256,26868,1,0,0:0:0:0:
320,256,26889,1,0,0:0:0:0:
256,128,26911,1,0,0:0:0:0:
256,128,26932,1,0,0:0:0:0:
192,256,26954,1,0,0:0:0:0:
192,256,26975,1,0,0:0:0:0:
320,192,26997,1,0,0:0:0:0:
320,192,27018,1,0,0:0:0:0:
192,128,27039,1,0,0:0:0:0:
192,128,27061,1,0,0:0:0:0:
256,256,27082,1,0,0:0:0:0:
256,256,27104,1,0,0:0:0:0:
320,128,27125,1,0,0:0:0:0:
320,128,27147,1,0,0:0:0:0:
192,192,27168,1,0,0:0:0:0:
192,192,27190,1,0,0:0:0:0:
320,256,27211,1,0,0:0:0:0:
320,256,27232,1,0,0:0:0:0:
256,128,27254,1,0,0:0:0:0:
256,128,27275,1,0,0:0:0:0:
192,256,27297,1,0,0:0:0:0:
192,256,27318,1,0,0:0:0:0:
320,192,27340,1,0,0:0:0:0:
320,192,27361,1,0,0:0:0:0:
192,128,27382,1,0,0:0:0:0:
192,128,27404,1,0,0:0:0:0:
256,256,27425,1,0,0:0:0:0:
256,256,27447,1,0,0:0:0:0:
320,128,27468,1,0,0:0:0:0:
320,256,27554,1,0,0:0:0:0:
256,128,27639,1,0,0:0:0:0:
192,256,27725,1,0,0:0:0:0:
320,192,27811,1,0,0:0:0:0:
192,128,27897,1,0,0:0:0:0:
256,256,27982,1,0,0:0:0:0:
320,128,28068,1,0,0:0:0:0:
320,256,28154,1,0,0:0:0:0:
256,128,28239,1,0,0:0:0:0:
192,256,28325,1,0,0:0:0:0:
320,192,28411,1,0,0:0:0:0:
192,128,28497,1,0,0:0:0:0:
256,256,28582,1,0,0:0:0:0:
320,128,28668,1,0,0:0:0:0:
320,256,28754,1,0,0:0:0:0:
256,128,28839,1,0,0:0:0:0:
192,256,28925,1,0,0:0:0:0:
320,192,29011,1,0,0:0:0:0:
192,128,29097,1,0,0:0:0:0:
256,256,29182,1,0,0:0:0:0:
320,128,29268,1,0,0:0:0:0:
320,256,29354,1,0,0:0:0:0:
256,128,29439,1,0,0:0:0:0:
192,256,29525,1,0,0:0:0:0:
320,192,29611,1,0,0:0:0:0:
192,192,29697,1,0,0:0:0:0:
320,256,29782,1,0,0:0:0:0:
320,128,29868,1,0,0:0:0:0:
192,192,30039,1,0,0:0:0:0:
192,192,30061,1,0,0:0:0:0:
320,256,30082,1,0,0:0:0:0:
320,256,30104,1,0,0:0:0:0:
320,128,30125,1,0,0:0:0:0:
320,128,30147,1,0,0:0:0:0:
192,192,30168,1,0,0:0:0:0:
192,192,30189,1,0,0:0:0:0:
320,256,30211,1,0,0:0:0:0:
256,128,30297,1,0,0:0:0:0:
192,256,30382,1,0,0:0:0:0:
320,192,30468,1,0,0:0:0:0:
192,128,30554,1,0,0:0:0:0:
320,256,30639,1,0,0:0:0:0:
320,128,30725,1,0,0:0:0:0:
256,256,30811,1,0,0:0:0:0:
192,128,30897,1,0,0:0:0:0:
320,256,30982,1,0,0:0:0:0:
256,128,31068,1,0,0:0:0:0:
192,256,31154,1,0,0:0:0:0:
320,192,31239,1,0,0:0:0:0:
192,192,31325,1,0,0:0:0:0:
320,256,31411,1,0,0:0:0:0:
192,128,31497,1,0,0:0:0:0:
256,256,31582,1,0,0:0:0:0:
256,256,31604,1,0,0:0:0:0:
320,128,31625,1,0,0:0:0:0:
320,128,31647,1,0,0:0:0:0:
192,192,31668,1,0,0:0:0:0:
192,192,31689,1,0,0:0:0:0:
320,256,31711,1,0,0:0:0:0:
320,256,31732,1,0,0:0:0:0:
256,128,31754,1,0,0:0:0:0:
256,128,31775,1,0,0:0:0:0:
192,256,31797,1,0,0:0:0:0:
192,256,31818,1,0,0:0:0:0:
320,192,31839,1,0,0:0:0:0:
192,128,31925,1,0,0:0:0:0:
192,128,31947,1,0,0:0:0:0:
256,256,31968,1,0,0:0:0:0:
256,256,31989,1,0,0:0:0:0:
320,128,32011,1,0,0:0:0:0:
320,128,32032,1,0,0:0:0:0:
192,192,32054,1,0,0:0:0:0:
192,192,32075,1,0,0:0:0:0:
320,256,32097,1,0,0:0:0:0:
320,256,32118,1,0,0:0:0:0:
256,128,32139,1,0,0:0:0:0:
256,128,32161,1,0,0:0:0:0:
192,256,32182,1,0,0:0:0:0:
320,192,32268,1,0,0:0:0:0:
192,128,32289,1,0,0:0:0:0:
256,256,32311,1,0,0:0:0:0:
320,128,32332,1,0,0:0:0:0:
192,192,32354,1,0,0:0:0:0:
320,256,32375,1,0,0:0:0:0:
256,128,32397,1,0,0:0:0:0:
192,256,32418,1,0,0:0:0:0:
320,192,32439,1,0,0:0:0:0:
192,128,32461,1,0,0:0:0:0:
256,256,32482,1,0,0:0:0:0:
320,128,32504,1,0,0:0:0:0:
192,192,32525,1,0,0:0:0:0:
320,256,32611,1,0,0:0:0:0:
320,256,32622,1,0,0:0:0:0:
256,128,32632,1,0,0:0:0:0:
256,128,32643,1,0,0:0:0:0:
192,256,32654,1,0,0:0:0:0:
192,256,32665,1,0,0:0:0:0:
320,192,32675,1,0,0:0:0:0:
320,192,32686,1,0,0:0:0:0:
192,128,32697,1,0,0:0:0:0:
192,128,32708,1,0,0:0:0:0:
256,256,32718,1,0,0:0:0:0:
256,256,32729,1,0,0:0:0:0:
320,128,32739,1,0,0:0:0:0:
320,128,32750,1,0,0:0:0:0:
192,192,32761,1,0,0:0:0:0:
192,192,32772,1,0,0:0:0:0:
320,256,32782,1,0,0:0:0:0:
320,256,32793,1,0,0:0:0:0:
256,128,32804,1,0,0:0:0:0:
256,128,32815,1,0,0:0:0:0:
192,256,32825,1,0,0:0:0:0:
192,256,32836,1,0,0:0:0:0:
320,192,32847,1,0,0:0:0:0:
320,192,32858,1,0,0:0:0:0:
192,128,32868,1,0,0:0:0:0:
192,128,32879,1,0,0:0:0:0:
256,256,32889,1,0,0:0:0:0:
256,256,32900,1,0,0:0:0:0:
320,128,32911,1,0,0:0:0:0:
320,128,32922,1,0,0:0:0:0:
192,192,32932,1,0,0:0:0:0:
192,192,32943,1,0,0:0:0:0:
320,256,32954,1,0,0:0:0:0:
320,192,32975,1,0,0:0:0:0:
320,128,32997,1,0,0:0:0:0:
256,128,33018,1,0,0:0:0:0:
256,192,33039,1,0,0:0:0:0:
256,256,33061,1,0,0:0:0:0:
192,256,33082,1,0,0:0:0:0:
192,192,33104,1,0,0:0:0:0:
256,192,33125,1,0,0:0:0:0:
320,192,33147,1,0,0:0:0:0:
320,128,33168,1,0,0:0:0:0:
256,128,33189,1,0,0:0:0:0:
256,192,33211,1,0,0:0:0:0:
256,256,33232,1,0,0:0:0:0:
320,256,33254,1,0,0:0:0:0:
320,192,33275,1,0,0:0:0:0:
256,192,33297,1,0,0:0:0:0:
192,192,33318,1,0,0:0:0:0:
192,128,33339,1,0,0:0:0:0:
256,128,33361,1,0,0:0:0:0:
256,192,33382,1,0,0:0:0:0:
256,256,33404,1,0,0:0:0:0:
192,256,33425,1,0,0:0:0:0:
192,192,33447,1,0,0:0:0:0:
256,192,33468,1,0,0:0:0:0:
320,192,33489,1,0,0:0:0:0:
320,128,33511,1,0,0:0:0:0:
256,128,33532,1,0,0:0:0:0:
192,128,33554,1,0,0:0:0:0:
192,192,33575,1,0,0:0:0:0:
192,256,33597,1,0,0:0:0:0:
256,256,33618,1,0,0:0:0:0:
320,256,33639,1,0,0:0:0:0:
320,192,33661,1,0,0:0:0:0:
256,192,33682,1,0,0:0:0:0:
192,192,33704,1,0,0:0:0:0:
192,128,33725,1,0,0:0:0:0:
256,128,33747,1,0,0:0:0:0:
256,192,33768,1,0,0:0:0:0:
256,256,33789,1,0,0:0:0:0:
192,256,33811,1,0,0:0:0:0:
192,192,33832,1,0,0:0:0:0:
256,192,33854,1,0,0:0:0:0:
320,192,33875,1,0,0:0:0:0:
320,128,33897,1,0,0:0:0:0:
256,128,33918,1,0,0:0:0:0:
256,192,33939,1,0,0:0:0:0:
256,256,33961,1,0,0:0:0:0:
320,256,33982,1,0,0:0:0:0:
256,128,34154,1,0,0:0:0:0:
192,256,34325,1,0,0:0:0:0:
320,192,34411,1,0,0:0:0:0:
192,128,34497,1,0,0:0:0:0:
256,256,34582,1,0,0:0:0:0:
320,128,34668,1,0,0:0:0:0:
320,256,34754,1,0,0:0:0:0:
256,128,34839,1,0,0:0:0:0:
192,256,34925,1,0,0:0:0:0:
320,192,35011,1,0,0:0:0:0:
192,192,35097,1,0,0:0:0:0:
320,256,35182,1,0,0:0:0:0:
320,128,35268,1,0,0:0:0:0:
192,192,35354,1,0,0:0:0:0:
192,192,35375,1,0,0:0:0:0:
320,192,35397,1,0,0:0:0:0:
320,192,35418,1,0,0:0:0:0:
192,128,35439,1,0,0:0:0:0:
192,128,35460,1,0,0:0:0:0:
192,256,35482,1,0,0:0:0:0:
192,256,35503,1,0,0:0:0:0:
320,128,35525,1,0,0:0:0:0:
320,128,35546,1,0,0:0:0:0:
192,192,35568,1,0,0:0:0:0:
192,192,35589,1,0,0:0:0:0:
320,256,35611,1,0,0:0:0:0:
320,256,35632,1,0,0:0:0:0:
256,128,35654,1,0,0:0:0:0:
256,128,35675,1,0,0:0:0:0:
192,256,35697,1,0,0:0:0:0:
320,192,35782,1,0,0:0:0:0:
192,128,35868,1,0,0:0:0:0:
320,256,35954,1,0,0:0:0:0:
320,128,36039,1,0,0:0:0:0:
256,256,36125,1,0,0:0:0:0:
192,128,36211,1,0,0:0:0:0:
320,192,36297,1,0,0:0:0:0:
192,256,36382,1,0,0:0:0:0:
320,128,36468,1,0,0:0:0:0:
256,256,36554,1,0,0:0:0:0:
192,128,36639,1,0,0:0:0:0:
320,256,36725,1,0,0:0:0:0:
256,128,36811,1,0,0:0:0:0:
192,256,36897,1,0,0:0:0:0:
320,192,36982,1,0,0:0:0:0:
192,128,37068,1,0,0:0:0:0:
320,256,37154,1,0,0:0:0:0:
320,128,37239,1,0,0:0:0:0:
192,256,37325,1,0,0:0:0:0:
320,192,37411,1,0,0:0:0:0:
192,192,37497,1,0,0:0:0:0:
320,256,37582,1,0,0:0:0:0:
256,128,37668,1,0,0:0:0:0:
192,256,37754,1,0,0:0:0:0:
320,192,37839,1,0,0:0:0:0:
192,128,37925,1,0,0:0:0:0:
256,256,38011,1,0,0:0:0:0:
320,128,38097,1,0,0:0:0:0:
192,192,38182,1,0,0:0:0:0:
192,192,38204,1,0,0:0:0:0:
320,256,38225,1,0,0:0:0:0:
320,256,38247,1,0,0:0:0:0:
256,128,38268,1,0,0:0:0:0:
192,256,38354,1,0,0:0:0:0:
192,256,38364,1,0,0:0:0:0:
320,192,38375,1,0,0:0:0:0:
320,192,38385,1,0,0:0:0:0:
192,128,38397,1,0,0:0:0:0:
192,128,38407,1,0,0:0:0:0:
256,256,38418,1,0,0:0:0:0:
256,256,38428,1,0,0:0:0:0:
320,128,38439,1,0,0:0:0:0:
192,192,38525,1,0,0:0:0:0:
320,256,38611,1,0,0:0:0:0:
320,128,38697,1,0,0:0:0:0:
256,256,38782,1,0,0:0:0:0:
192,128,38868,1,0,0:0:0:0:
320,256,38954,1,0,0:0:0:0:
256,128,39039,1,0,0:0:0:0:
192,256,39125,1,0,0:0:0:0:
320,192,39211,1,0,0:0:0:0:
192,192,39297,1,0,0:0:0:0:
320,256,39382,1,0,0:0:0:0:
320,128,39468,1,0,0:0:0:0:
192,256,39639,1,0,0:0:0:0:
192,256,39661,1,0,0:0:0:0:
320,192,39682,1,0,0:0:0:0:
320,192,39704,1,0,0:0:0:0:
192,128,39725,1,0,0:0:0:0:
192,128,39747,1,0,0:0:0:0:
256,256,39768,1,0,0:0:0:0:
256,256,39789,1,0,0:0:0:0:
320,128,39811,1,0,0:0:0:0:
320,128,39897,1,0,0:0:0:0:
192,192,39982,1,0,0:0:0:0:
192,192,40068,1,0,0:0:0:0:
320,256,40154,1,0,0:0:0:0:
320,256,40239,1,0,0:0:0:0:
256,128,40325,1,0,0:0:0:0:
256,128,40411,1,0,0:0:0:0:
192,256,40497,1,0,0:0:0:0:
192,256,40582,1,0,0:0:0:0:
320,192,40668,1,0,0:0:0:0:
320,192,40754,1,0,0:0:0:0:
192,128,40839,1,0,0:0:0:0:
192,128,41011,1,0,0:0:0:0:
320,256,41182,1,0,0:0:0:0:
320,192,41204,1,0,0:0:0:0:
320,128,41225,1,0,0:0:0:0:
256,128,41247,1,0,0:0:0:0:
256,192,41268,1,0,0:0:0:0:
256,256,41289,1,0,0:0:0:0:
192,256,41311,1,0,0:0:0:0:
192,192,41332,1,0,0:0:0:0:
256,192,41354,1,0,0:0:0:0:
320,192,41375,1,0,0:0:0:0:
320,128,41397,1,0,0:0:0:0:
256,128,41418,1,0,0:0:0:0:
256,192,41439,1,0,0:0:0:0:
256,256,41461,1,0,0:0:0:0:
320,256,41482,1,0,0:0:0:0:
320,192,41504,1,0,0:0:0:0:
256,192,41525,1,0,0:0:0:0:
192,192,41547,1,0,0:0:0:0:
192,128,41568,1,0,0:0:0:0:
256,128,41589,1,0,0:0:0:0:
256,192,41611,1,0,0:0:0:0:
256,256,41632,1,0,0:0:0:0:
192,256,41654,1,0,0:0:0:0:
192,192,41675,1,0,0:0:0:0:
256,192,41697,1,0,0:0:0:0:
320,192,41718,1,0,0:0:0:0:
320,128,41739,1,0,0:0:0:0:
256,128,41761,1,0,0:0:0:0:
192,128,41782,1,0,0:0:0:0:
192,192,41804,1,0,0:0:0:0:
192,256,41825,1,0,0:0:0:0:
256,256,41847,1,0,0:0:0:0:
320,256,41868,1,0,0:0:0:0:
320,192,41889,1,0,0:0:0:0:
256,192,41911,1,0,0:0:0:0:
192,192,41932,1,0,0:0:0:0:
192,128,41954,1,0,0:0:0:0:
256,128,41975,1,0,0:0:0:0:
256,192,41997,1,0,0:0:0:0:
256,256,42018,1,0,0:0:0:0:
192,256,42039,1,0,0:0:0:0:
192,192,42061,1,0,0:0:0:0:
256,192,42082,1,0,0:0:0:0:
320,192,42104,1,0,0:0:0:0:
320,128,42125,1,0,0:0:0:0:
256,128,42147,1,0,0:0:0:0:
256,192,42168,1,0,0:0:0:0:
256,256,42189,1,0,0:0:0:0:
320,256,42211,1,0,0:0:0:0:
320,256,42222,1,0,0:0:0:0:
256,128,42232,1,0,0:0:0:0:
256,128,42243,1,0,0:0:0:0:
192,256,42254,1,0,0:0:0:0:
192,256,42265,1,0,0:0:0:0:
320,192,42275,1,0,0:0:0:0:
320,192,42286,1,0,0:0:0:0:
192,128,42297,1,0,0:0:0:0:
192,128,42308,1,0,0:0:0:0:
256,256,42318,1,0,0:0:0:0:
256,256,42329,1,0,0:0:0:0:
320,128,42339,1,0,0:0:0:0:
320,128,42350,1,0,0:0:0:0:
192,192,42361,1,0,0:0:0:0:
192,192,42372,1,0,0:0:0:0:
320,256,42382,1,0,0:0:0:0:
320,256,42393,1,0,0:0:0:0:
256,128,42404,1,0,0:0:0:0:
256,128,42415,1,0,0:0:0:0:
192,256,42425,1,0,0:0:0:0:
192,256,42436,1,0,0:0:0:0:
320,192,42447,1,0,0:0:0:0:
320,192,42458,1,0,0:0:0:0:
192,128,42468,1,0,0:0:0:0:
192,128,42479,1,0,0:0:0:0:
256,256,42489,1,0,0:0:0:0:
256,256,42500,1,0,0:0:0:0:
320,128,42511,1,0,0:0:0:0:
320,128,42522,1,0,0:0:0:0:
192,192,42532,1,0,0:0:0:0:
192,192,42543,1,0,0:0:0:0:
320,256,42554,1,0,0:0:0:0:
320,192,42564,1,0,0:0:0:0:
320,128,42575,1,0,0:0:0:0:
256,128,42586,1,0,0:0:0:0:
192,128,42597,1,0,0:0:0:0:
192,192,42607,1,0,0:0:0:0:
192,256,42618,1,0,0:0:0:0:
256,256,42629,1,0,0:0:0:0:
320,256,42639,1,0,0:0:0:0:
320,192,42650,1,0,0:0:0:0:
320,128,42661,1,0,0:0:0:0:
256,128,42672,1,0,0:0:0:0:
192,128,42682,1,0,0:0:0:0:
192,192,42693,1,0,0:0:0:0:
192,256,42704,1,0,0:0:0:0:
256,256,42714,1,0,0:0:0:0:
320,256,42725,1,0,0:0:0:0:
320,192,42736,1,0,0:0:0:0:
320,128,42747,1,0,0:0:0:0:
256,128,42768,1,0,0:0:0:0:
192,128,42789,1,0,0:0:0:0:
192,192,42811,1,0,0:0:0:0:
192,256,42832,1,0,0:0:0:0:
256,256,42854,1,0,0:0:0:0:
320,256,42875,1,0,0:0:0:0:
320,192,42897,1,0,0:0:0:0:
320,128,42939,1,0,0:0:0:0:
256,128,42982,1,0,0:0:0:0:
192,128,43025,1,0,0:0:0:0:
192,192,43068,1,0,0:0:0:0:
192,256,43111,1,0,0:0:0:0:
256,256,43154,1,0,0:0:0:0:
320,256,43197,1,0,0:0:0:0:
320,192,43239,1,0,0:0:0:0:
320,128,43325,1,0,0:0:0:0:
256,128,43411,1,0,0:0:0:0:
192,128,43582,1,0,0:0:0:0:
192,192,43754,1,0,0:0:0:0:
192,256,43925,1,0,0:0:0:0:
320,192,44097,1,0,0:0:0:0:
192,128,44268,1,0,0:0:0:0:
192,160,44289,1,0,0:0:0:0:
192,256,44439,1,0,0:0:0:0:
256,256,44525,1,0,0:0:0:0:
320,256,44611,1,0,0:0:0:0:
320,192,44697,1,0,0:0:0:0:
320,128,44782,1,0,0:0:0:0:
192,192,44954,1,0,0:0:0:0:
320,256,45125,1,0,0:0:0:0:
320,128,45297,1,0,0:0:0:0:
192,192,45468,1,0,0:0:0:0:
256,256,45554,1,0,0:0:0:0:
320,256,45639,1,0,0:0:0:0:
320,224,45660,1,0,0:0:0:0:
320,128,45811,1,0,0:0:0:0:
256,128,45897,1,0,0:0:0:0:
192,128,45982,1,0,0:0:0:0:
192,192,46068,1,0,0:0:0:0:
192,256,46154,1,0,0:0:0:0:
320,192,46325,1,0,0:0:0:0:
192,128,46497,1,0,0:0:0:0:
320,256,46668,1,0,0:0:0:0:
320,128,46839,1,0,0:0:0:0:
256,128,46925,1,0,0:0:0:0:
192,192,47011,1,0,0:0:0:0:
192,224,47032,1,0,0:0:0:0:
320,256,47182,1,0,0:0:0:0:
320,192,47268,1,0,0:0:0:0:
192,128,47439,1,0,0:0:0:0:
192,224,47525,1,0,0:0:0:0:
192,256,47547,1,0,0:0:0:0:
320,192,47697,1,0,0:0:0:0:
256,128,47782,1,0,0:0:0:0:
192,128,47868,1,0,0:0:0:0:
192,160,47889,1,0,0:0:0:0:
256,256,48039,1,0,0:0:0:0:
320,128,48211,1,0,0:0:0:0:
320,192,48297,1,0,0:0:0:0:
320,256,48382,1,0,0:0:0:0:
288,256,48404,1,0,0:0:0:0:
192,128,48554,1,0,0:0:0:0:
192,192,48639,1,0,0:0:0:0:
320,256,48811,1,0,0:0:0:0:
320,192,48897,1,0,0:0:0:0:
192,192,49068,1,0,0:0:0:0:
192,192,49239,1,0,0:0:0:0:
192,192,49325,1,0,0:0:0:0:
320,256,49411,1,0,0:0:0:0:
320,192,49432,1,0,0:0:0:0:
320,128,49454,1,0,0:0:0:0:
192,192,49754,1,0,0:0:0:0:
320,256,50097,1,0,0:0:0:0:
256,128,50439,1,0,0:0:0:0:
192,256,50782,1,0,0:0:0:0:
320,192,51125,1,0,0:0:0:0:
192,128,51468,1,0,0:0:0:0:
256,256,51811,1,0,0:0:0:0:
320,128,52154,1,0,0:0:0:0:
320,256,52325,1,0,0:0:0:0:
256,128,52497,1,0,0:0:0:0:
192,256,52668,1,0,0:0:0:0:
320,192,52839,1,0,0:0:0:0:
192,128,53011,1,0,0:0:0:0:
256,256,53182,1,0,0:0:0:0:
320,128,53354,1,0,0:0:0:0:
320,256,53525,1,0,0:0:0:0:
256,256,53611,1,0,0:0:0:0:
192,256,53697,1,0,0:0:0:0:
192,192,53782,1,0,0:0:0:0:
256,192,53868,1,0,0:0:0:0:
320,192,53954,1,0,0:0:0:0:
320,128,54039,1,0,0:0:0:0:
256,128,54125,1,0,0:0:0:0:
192,128,54211,1,0,0:0:0:0:
192,192,54254,1,0,0:0:0:0:
192,256,54297,1,0,0:0:0:0:
256,256,54339,1,0,0:0:0:0:
256,192,54382,1,0,0:0:0:0:
256,128,54425,1,0,0:0:0:0:
320,128,54468,1,0,0:0:0:0:
320,192,54511,1,0,0:0:0:0:
320,256,54554,1,0,0:0:0:0:
256,256,54597,1,0,0:0:0:0:
192,256,54639,1,0,0:0:0:0:
192,192,54682,1,0,0:0:0:0:
256,192,54725,1,0,0:0:0:0:
320,192,54768,1,0,0:0:0:0:
320,128,54811,1,0,0:0:0:0:
256,128,54854,1,0,0:0:0:0:
192,128,54897,1,0,0:0:0:0:
192,192,54918,1,0,0:0:0:0:
192,256,54939,1,0,0:0:0:0:
256,128,55068,1,0,0:0:0:0:
320,256,55239,1,0,0:0:0:0:
320,192,55261,1,0,0:0:0:0:
320,128,55282,1,0,0:0:0:0:
192,192,55582,1,0,0:0:0:0:
256,192,55604,1,0,0:0:0:0:
320,192,55625,1,0,0:0:0:0:
192,128,55925,1,0,0:0:0:0:
192,192,55947,1,0,0:0:0:0:
192,256,55968,1,0,0:0:0:0:
320,256,56268,1,0,0:0:0:0:
320,192,56289,1,0,0:0:0:0:
320,128,56311,1,0,0:0:0:0:
192,192,56611,1,0,0:0:0:0:
256,192,56632,1,0,0:0:0:0:
320,192,56654,1,0,0:0:0:0:
192,128,56954,1,0,0:0:0:0:
192,192,56975,1,0,0:0:0:0:
192,256,56997,1,0,0:0:0:0:
320,256,57297,1,0,0:0:0:0:
320,192,57318,1,0,0:0:0:0:
320,128,57339,1,0,0:0:0:0:
256,128,57361,1,0,0:0:0:0:
256,192,57382,1,0,0:0:0:0:
256,256,57404,1,0,0:0:0:0:
192,256,57425,1,0,0:0:0:0:
192,192,57447,1,0,0:0:0:0:
256,192,57468,1,0,0:0:0:0:
320,192,57489,1,0,0:0:0:0:
320,128,57511,1,0,0:0:0:0:
256,128,57532,1,0,0:0:0:0:
256,192,57554,1,0,0:0:0:0:
256,256,57575,1,0,0:0:0:0:
320,256,57597,1,0,0:0:0:0:
320,192,57618,1,0,0:0:0:0:
192,192,57639,1,0,0:0:0:0:
320,128,57982,1,0,0:0:0:0:
320,192,58004,1,0,0:0:0:0:
320,256,58025,1,0,0:0:0:0:
192,192,58325,1,0,0:0:0:0:
256,192,58347,1,0,0:0:0:0:
320,192,58368,1,0,0:0:0:0:
192,256,58668,1,0,0:0:0:0:
192,192,58689,1,0,0:0:0:0:
192,128,58711,1,0,0:0:0:0:
320,128,59011,1,0,0:0:0:0:
256,128,59032,1,0,0:0:0:0:
192,128,59054,1,0,0:0:0:0:
320,192,59354,1,0,0:0:0:0:
256,192,59375,1,0,0:0:0:0:
192,192,59397,1,0,0:0:0:0:
320,256,59697,1,0,0:0:0:0:
320,192,59718,1,0,0:0:0:0:
320,128,59739,1,0,0:0:0:0:
256,256,59868,1,0,0:0:0:0:
192,128,60039,1,0,0:0:0:0:
192,192,60061,1,0,0:0:0:0:
192,256,60082,1,0,0:0:0:0:
256,128,60211,1,0,0:0:0:0:
320,256,60382,1,0,0:0:0:0:
320,192,60404,1,0,0:0:0:0:
320,128,60425,1,0,0:0:0:0:
192,192,60725,1,0,0:0:0:0:
256,192,60747,1,0,0:0:0:0:
320,192,60768,1,0,0:0:0:0:
192,128,61068,1,0,0:0:0:0:
256,128,61089,1,0,0:0:0:0:
320,128,61111,1,0,0:0:0:0:
320,256,61411,1,0,0:0:0:0:
320,192,61432,1,0,0:0:0:0:
320,128,61454,1,0,0:0:0:0:
256,256,61754,1,0,0:0:0:0:
256,192,61775,1,0,0:0:0:0:
256,128,61797,1,0,0:0:0:0:
320,256,62097,1,0,0:0:0:0:
256,256,62118,1,0,0:0:0:0:
192,256,62139,1,0,0:0:0:0:
320,192,62439,1,0,0:0:0:0:
256,192,62461,1,0,0:0:0:0:
192,192,62482,1,0,0:0:0:0:
192,128,62782,1,0,0:0:0:0:
256,256,62804,1,0,0:0:0:0:
320,128,62825,1,0,0:0:0:0:
192,192,62847,1,0,0:0:0:0:
320,256,62868,1,0,0:0:0:0:
256,128,62889,1,0,0:0:0:0:
192,256,62911,1,0,0:0:0:0:
320,192,62932,1,0,0:0:0:0:
192,128,62954,1,0,0:0:0:0:
256,256,62976,1,0,0:0:0:0:
320,128,62997,1,0,0:0:0:0:
192,192,63019,1,0,0:0:0:0:
320,256,63040,1,0,0:0:0:0:
256,128,63061,1,0,0:0:0:0:
192,256,63083,1,0,0:0:0:0:
320,192,63104,1,0,0:0:0:0:
192,128,63125,1,0,0:0:0:0:
192,192,63147,1,0,0:0:0:0:
192,256,63168,1,0,0:0:0:0:
320,192,63468,1,0,0:0:0:0:
256,192,63489,1,0,0:0:0:0:
192,192,63511,1,0,0:0:0:0:
320,256,63811,1,0,0:0:0:0:
320,192,63832,1,0,0:0:0:0:
320,128,63854,1,0,0:0:0:0:
192,192,64154,1,0,0:0:0:0:
256,192,64175,1,0,0:0:0:0:
320,192,64197,1,0,0:0:0:0:
192,128,64239,1,0,0:0:0:0:
256,256,64325,1,0,0:0:0:0:
256,192,64347,1,0,0:0:0:0:
256,128,64368,1,0,0:0:0:0:
320,256,64411,1,0,0:0:0:0:
192,192,64497,1,0,0:0:0:0:
256,192,64518,1,0,0:0:0:0:
320,192,64539,1,0,0:0:0:0:
192,128,65868,1,0,0:0:0:0:
192,128,65889,1,0,0:0:0:0:
256,256,65911,1,0,0:0:0:0:
256,256,65932,1,0,0:0:0:0:
320,128,65954,1,0,0:0:0:0:
192,192,65997,1,0,0:0:0:0:
320,256,66039,1,0,0:0:0:0:
320,192,66061,1,0,0:0:0:0:
320,128,66082,1,0,0:0:0:0:
256,128,66104,1,0,0:0:0:0:
192,128,66125,1,0,0:0:0:0:
192,128,66147,1,0,0:0:0:0:
192,128,66168,1,0,0:0:0:0:
256,256,66190,1,0,0:0:0:0:
256,256,66211,1,0,0:0:0:0:
320,128,66233,1,0,0:0:0:0:
192,192,66276,1,0,0:0:0:0:
320,256,66318,1,0,0:0:0:0:
320,192,66340,1,0,0:0:0:0:
320,128,66361,1,0,0:0:0:0:
256,128,66383,1,0,0:0:0:0:
192,128,66404,1,0,0:0:0:0:
192,128,66425,1,0,0:0:0:0:
256,256,66447,1,0,0:0:0:0:
256,256,66468,1,0,0:0:0:0:
320,128,66490,1,0,0:0:0:0:
192,192,66533,1,0,0:0:0:0:
192,192,66554,1,0,0:0:0:0:
192,256,66896,1,0,0:0:0:0:
256,256,66918,1,0,0:0:0:0:
256,192,66939,1,0,0:0:0:0:
256,128,66960,1,0,0:0:0:0:
320,128,66982,1,0,0:0:0:0:
320,256,67239,1,0,0:0:0:0:
320,256,67261,1,0,0:0:0:0:
256,128,67282,1,0,0:0:0:0:
256,128,67304,1,0,0:0:0:0:
192,256,67325,1,0,0:0:0:0:
320,192,67389,1,0,0:0:0:0:
320,128,67411,1,0,0:0:0:0:
256,128,67432,1,0,0:0:0:0:
192,128,67454,1,0,0:0:0:0:
192,192,67475,1,0,0:0:0:0:
320,256,67497,1,0,0:0:0:0:
320,256,67519,1,0,0:0:0:0:
256,128,67540,1,0,0:0:0:0:
256,128,67562,1,0,0:0:0:0:
192,256,67583,1,0,0:0:0:0:
320,192,67647,1,0,0:0:0:0:
320,128,67669,1,0,0:0:0:0:
256,128,67690,1,0,0:0:0:0:
192,128,67712,1,0,0:0:0:0:
192,192,67733,1,0,0:0:0:0:
320,256,67754,1,0,0:0:0:0:
320,256,67776,1,0,0:0:0:0:
256,128,67797,1,0,0:0:0:0:
256,128,67819,1,0,0:0:0:0:
192,256,67840,1,0,0:0:0:0:
320,192,67904,1,0,0:0:0:0:
320,128,67926,1,0,0:0:0:0:
256,128,67947,1,0,0:0:0:0:
192,128,67969,1,0,0:0:0:0:
192,192,67990,1,0,0:0:0:0:
192,192,68268,1,0,0:0:0:0:
192,256,68289,1,0,0:0:0:0:
256,256,68311,1,0,0:0:0:0:
320,256,68332,1,0,0:0:0:0:
320,192,68354,1,0,0:0:0:0:
192,128,68611,1,0,0:0:0:0:
256,256,68654,1,0,0:0:0:0:
320,128,68697,1,0,0:0:0:0:
320,128,68718,1,0,0:0:0:0:
192,192,68739,1,0,0:0:0:0:
192,192,68761,1,0,0:0:0:0:
320,192,68782,1,0,0:0:0:0:
192,128,68825,1,0,0:0:0:0:
256,256,68868,1,0,0:0:0:0:
256,256,68889,1,0,0:0:0:0:
320,128,68911,1,0,0:0:0:0:
320,128,68932,1,0,0:0:0:0:
192,192,68954,1,0,0:0:0:0:
320,192,68997,1,0,0:0:0:0:
192,128,69039,1,0,0:0:0:0:
192,128,69061,1,0,0:0:0:0:
256,256,69082,1,0,0:0:0:0:
256,256,69104,1,0,0:0:0:0:
320,128,69125,1,0,0:0:0:0:
192,192,69168,1,0,0:0:0:0:
320,192,69211,1,0,0:0:0:0:
320,192,69232,1,0,0:0:0:0:
192,128,69254,1,0,0:0:0:0:
192,128,69275,1,0,0:0:0:0:
256,256,69297,1,0,0:0:0:0:
320,128,69339,1,0,0:0:0:0:
192,192,69382,1,0,0:0:0:0:
192,192,69404,1,0,0:0:0:0:
320,192,69425,1,0,0:0:0:0:
320,192,69447,1,0,0:0:0:0:
192,128,69468,1,0,0:0:0:0:
256,256,69511,1,0,0:0:0:0:
320,128,69554,1,0,0:0:0:0:
320,128,69575,1,0,0:0:0:0:
192,192,69596,1,0,0:0:0:0:
192,192,69618,1,0,0:0:0:0:
320,256,69639,1,0,0:0:0:0:
320,192,69661,1,0,0:0:0:0:
320,128,69682,1,0,0:0:0:0:
256,128,69704,1,0,0:0:0:0:
256,192,69725,1,0,0:0:0:0:
256,256,69747,1,0,0:0:0:0:
192,256,69768,1,0,0:0:0:0:
192,192,69789,1,0,0:0:0:0:
192,128,69811,1,0,0:0:0:0:
256,128,69832,1,0,0:0:0:0:
320,128,69854,1,0,0:0:0:0:
320,192,69875,1,0,0:0:0:0:
256,192,69897,1,0,0:0:0:0:
192,192,69918,1,0,0:0:0:0:
192,256,69939,1,0,0:0:0:0:
256,256,69961,1,0,0:0:0:0:
320,256,69982,1,0,0:0:0:0:
320,128,70154,1,0,0:0:0:0:
256,128,70175,1,0,0:0:0:0:
192,128,70197,1,0,0:0:0:0:
256,256,70239,1,0,0:0:0:0:
256,192,70261,1,0,0:0:0:0:
256,128,70282,1,0,0:0:0:0:
192,256,70411,1,0,0:0:0:0:
256,256,70432,1,0,0:0:0:0:
320,256,70454,1,0,0:0:0:0:
256,128,70497,1,0,0:0:0:0:
256,192,70518,1,0,0:0:0:0:
256,256,70539,1,0,0:0:0:0:
320,128,70668,1,0,0:0:0:0:
320,192,70689,1,0,0:0:0:0:
320,256,70711,1,0,0:0:0:0:
320,128,71354,1,0,0:0:0:0:
320,128,71375,1,0,0:0:0:0:
192,256,71397,1,0,0:0:0:0:
192,256,71418,1,0,0:0:0:0:
320,128,71439,1,0,0:0:0:0:
192,256,71482,1,0,0:0:0:0:
320,128,71525,1,0,0:0:0:0:
256,128,71547,1,0,0:0:0:0:
256,192,71568,1,0,0:0:0:0:
256,256,71589,1,0,0:0:0:0:
192,256,71611,1,0,0:0:0:0:
192,256,71632,1,0,0:0:0:0:
320,128,71654,1,0,0:0:0:0:
320,128,71675,1,0,0:0:0:0:
192,256,71696,1,0,0:0:0:0:
320,128,71739,1,0,0:0:0:0:
192,256,71782,1,0,0:0:0:0:
256,256,71804,1,0,0:0:0:0:
256,192,71825,1,0,0:0:0:0:
256,128,71846,1,0,0:0:0:0:
320,128,71868,1,0,0:0:0:0:
320,128,71889,1,0,0:0:0:0:
192,256,71911,1,0,0:0:0:0:
192,256,71932,1,0,0:0:0:0:
320,128,71953,1,0,0:0:0:0:
192,256,71996,1,0,0:0:0:0:
320,128,72039,1,0,0:0:0:0:
256,128,72061,1,0,0:0:0:0:
256,192,72082,1,0,0:0:0:0:
256,256,72104,1,0,0:0:0:0:
192,256,72125,1,0,0:0:0:0:
320,128,72382,1,0,0:0:0:0:
256,128,72404,1,0,0:0:0:0:
192,128,72425,1,0,0:0:0:0:
192,192,72447,1,0,0:0:0:0:
192,256,72468,1,0,0:0:0:0:
320,256,72554,1,0,0:0:0:0:
320,192,72575,1,0,0:0:0:0:
320,128,72597,1,0,0:0:0:0:
256,128,72618,1,0,0:0:0:0:
256,192,72639,1,0,0:0:0:0:
256,256,72661,1,0,0:0:0:0:
192,256,72682,1,0,0:0:0:0:
192,192,72704,1,0,0:0:0:0:
192,128,72725,1,0,0:0:0:0:
256,256,72811,1,0,0:0:0:0:
320,128,72897,1,0,0:0:0:0:
320,256,72982,1,0,0:0:0:0:
256,128,73068,1,0,0:0:0:0:
192,256,73154,1,0,0:0:0:0:
320,192,73239,1,0,0:0:0:0:
192,128,73325,1,0,0:0:0:0:
320,256,73411,1,0,0:0:0:0:
256,128,73454,1,0,0:0:0:0:
192,256,73497,1,0,0:0:0:0:
320,192,73539,1,0,0:0:0:0:
192,192,73582,1,0,0:0:0:0:
320,256,73625,1,0,0:0:0:0:
256,128,73668,1,0,0:0:0:0:
192,256,73711,1,0,0:0:0:0:
320,256,73754,1,0,0:0:0:0:
320,256,73775,1,0,0:0:0:0:
256,128,73797,1,0,0:0:0:0:
256,128,73818,1,0,0:0:0:0:
192,256,73840,1,0,0:0:0:0:
192,256,73861,1,0,0:0:0:0:
320,192,73882,1,0,0:0:0:0:
320,192,73903,1,0,0:0:0:0:
192,192,73925,1,0,0:0:0:0:
192,192,73946,1,0,0:0:0:0:
320,256,73968,1,0,0:0:0:0:
320,256,73989,1,0,0:0:0:0:
256,128,74011,1,0,0:0:0:0:
256,128,74032,1,0,0:0:0:0:
192,256,74054,1,0,0:0:0:0:
192,256,74075,1,0,0:0:0:0:
320,128,74097,1,0,0:0:0:0:
256,128,74118,1,0,0:0:0:0:
192,128,74139,1,0,0:0:0:0:
320,192,74182,1,0,0:0:0:0:
256,192,74204,1,0,0:0:0:0:
192,192,74225,1,0,0:0:0:0:
320,256,74268,1,0,0:0:0:0:
320,192,74289,1,0,0:0:0:0:
320,128,74311,1,0,0:0:0:0:
256,256,74354,1,0,0:0:0:0:
256,192,74375,1,0,0:0:0:0:
256,128,74397,1,0,0:0:0:0:
192,256,74439,1,0,0:0:0:0:
256,256,74461,1,0,0:0:0:0:
320,256,74482,1,0,0:0:0:0:
192,192,74525,1,0,0:0:0:0:
256,192,74547,1,0,0:0:0:0:
320,192,74568,1,0,0:0:0:0:
192,128,74611,1,0,0:0:0:0:
192,192,74632,1,0,0:0:0:0:
192,256,74654,1,0,0:0:0:0:
256,128,74697,1,0,0:0:0:0:
256,192,74718,1,0,0:0:0:0:
256,256,74739,1,0,0:0:0:0:
320,128,74782,1,0,0:0:0:0:
256,128,74803,1,0,0:0:0:0:
192,128,74824,1,0,0:0:0:0:
320,192,74867,1,0,0:0:0:0:
256,192,74889,1,0,0:0:0:0:
192,192,74910,1,0,0:0:0:0:
320,256,74953,1,0,0:0:0:0:
320,192,74974,1,0,0:0:0:0:
320,128,74996,1,0,0:0:0:0:
256,256,75039,1,0,0:0:0:0:
256,192,75060,1,0,0:0:0:0:
256,128,75082,1,0,0:0:0:0:
192,256,75124,1,0,0:0:0:0:
256,256,75146,1,0,0:0:0:0:
320,256,75167,1,0,0:0:0:0:
256,128,75297,1,0,0:0:0:0:
256,192,75318,1,0,0:0:0:0:
256,256,75339,1,0,0:0:0:0:
256,96,75468,1,0,0:0:0:0:
256,192,75489,1,0,0:0:0:0:
256,288,75511,1,0,0:0:0:0:
320,256,76839,1,0,0:0:0:0:
320,192,76861,1,0,0:0:0:0:
320,128,76882,1,0,0:0:0:0:
256,128,76904,1,0,0:0:0:0:
256,192,76925,1,0,0:0:0:0:
256,256,76947,1,0,0:0:0:0:
192,256,76968,1,0,0:0:0:0:
192,192,76989,1,0,0:0:0:0:
256,192,77011,1,0,0:0:0:0:
320,192,77032,1,0,0:0:0:0:
320,128,77054,1,0,0:0:0:0:
256,128,77075,1,0,0:0:0:0:
256,192,77097,1,0,0:0:0:0:
256,256,77118,1,0,0:0:0:0:
320,256,77139,1,0,0:0:0:0:
320,192,77161,1,0,0:0:0:0:
320,128,77182,1,0,0:0:0:0:
192,192,77354,1,0,0:0:0:0:
256,192,77375,1,0,0:0:0:0:
320,192,77397,1,0,0:0:0:0:
192,128,77525,1,0,0:0:0:0:
192,192,77547,1,0,0:0:0:0:
192,256,77568,1,0,0:0:0:0:
320,192,77697,1,0,0:0:0:0:
256,192,77718,1,0,0:0:0:0:
192,192,77739,1,0,0:0:0:0:
320,256,77868,1,0,0:0:0:0:
320,192,77889,1,0,0:0:0:0:
320,128,77911,1,0,0:0:0:0:
192,192,78039,1,0,0:0:0:0:
256,192,78061,1,0,0:0:0:0:
320,192,78082,1,0,0:0:0:0:
192,128,78125,1,0,0:0:0:0:
256,256,78211,1,0,0:0:0:0:
256,192,78232,1,0,0:0:0:0:
256,128,78254,1,0,0:0:0:0:
320,256,78382,1,0,0:0:0:0:
192,192,78468,1,0,0:0:0:0:
320,128,78554,1,0,0:0:0:0:
256,256,78639,1,0,0:0:0:0:
192,128,78725,1,0,0:0:0:0:
320,256,78897,1,0,0:0:0:0:
256,128,79068,1,0,0:0:0:0:
192,256,79239,1,0,0:0:0:0:
256,256,79261,1,0,0:0:0:0:
320,256,79282,1,0,0:0:0:0:
320,192,79304,1,0,0:0:0:0:
256,192,79325,1,0,0:0:0:0:
192,192,79347,1,0,0:0:0:0:
192,128,79368,1,0,0:0:0:0:
256,128,79389,1,0,0:0:0:0:
320,128,79411,1,0,0:0:0:0:
320,192,79432,1,0,0:0:0:0:
320,256,79454,1,0,0:0:0:0:
256,256,79475,1,0,0:0:0:0:
256,192,79497,1,0,0:0:0:0:
256,128,79518,1,0,0:0:0:0:
192,128,79539,1,0,0:0:0:0:
192,192,79561,1,0,0:0:0:0:
192,256,79582,1,0,0:0:0:0:
320,192,79754,1,0,0:0:0:0:
192,128,79925,1,0,0:0:0:0:
256,256,80097,1,0,0:0:0:0:
320,128,80268,1,0,0:0:0:0:
192,192,80439,1,0,0:0:0:0:
320,256,80611,1,0,0:0:0:0:
320,128,80782,1,0,0:0:0:0:
256,128,80804,1,0,0:0:0:0:
192,128,80825,1,0,0:0:0:0:
192,192,80847,1,0,0:0:0:0:
256,192,80868,1,0,0:0:0:0:
320,192,80889,1,0,0:0:0:0:
320,256,80911,1,0,0:0:0:0:
256,256,80932,1,0,0:0:0:0:
192,256,80954,1,0,0:0:0:0:
256,128,81125,1,0,0:0:0:0:
256,128,81211,1,0,0:0:0:0:
320,256,81382,1,0,0:0:0:0:
320,256,81468,1,0,0:0:0:0:
192,192,81639,1,0,0:0:0:0:
320,192,81811,1,0,0:0:0:0:
192,128,81982,1,0,0:0:0:0:
320,128,82154,1,0,0:0:0:0:
320,192,82175,1,0,0:0:0:0:
320,256,82197,1,0,0:0:0:0:
256,256,82218,1,0,0:0:0:0:
192,256,82239,1,0,0:0:0:0:
192,192,82261,1,0,0:0:0:0:
256,192,82282,1,0,0:0:0:0:
320,192,82304,1,0,0:0:0:0:
320,128,82325,1,0,0:0:0:0:
320,128,82347,1,0,0:0:0:0:
192,192,82368,1,0,0:0:0:0:
192,192,82389,1,0,0:0:0:0:
320,256,82411,1,0,0:0:0:0:
320,256,82432,1,0,0:0:0:0:
256,128,82454,1,0,0:0:0:0:
256,128,82475,1,0,0:0:0:0:
192,256,82497,1,0,0:0:0:0:
192,256,82518,1,0,0:0:0:0:
320,192,82539,1,0,0:0:0:0:
320,192,82561,1,0,0:0:0:0:
192,192,82582,1,0,0:0:0:0:
192,192,82604,1,0,0:0:0:0:
320,256,82625,1,0,0:0:0:0:
320,256,82647,1,0,0:0:0:0:
320,128,82668,1,0,0:0:0:0:
320,128,82690,1,0,0:0:0:0:
192,192,82711,1,0,0:0:0:0:
192,192,82732,1,0,0:0:0:0:
320,256,82754,1,0,0:0:0:0:
320,256,82775,1,0,0:0:0:0:
256,128,82797,1,0,0:0:0:0:
256,128,82818,1,0,0:0:0:0:
192,256,82840,1,0,0:0:0:0:
192,256,82861,1,0,0:0:0:0:
320,192,82882,1,0,0:0:0:0:
320,192,82904,1,0,0:0:0:0:
192,192,82925,1,0,0:0:0:0:
192,192,82947,1,0,0:0:0:0:
320,256,82968,1,0,0:0:0:0:
320,256,82990,1,0,0:0:0:0:
320,128,83011,1,0,0:0:0:0:
320,128,83033,1,0,0:0:0:0:
192,192,83054,1,0,0:0:0:0:
192,192,83075,1,0,0:0:0:0:
320,256,83097,1,0,0:0:0:0:
320,256,83118,1,0,0:0:0:0:
256,128,83140,1,0,0:0:0:0:
256,128,83161,1,0,0:0:0:0:
192,256,83183,1,0,0:0:0:0:
192,256,83204,1,0,0:0:0:0:
320,192,83225,1,0,0:0:0:0:
320,192,83247,1,0,0:0:0:0:
192,192,83268,1,0,0:0:0:0:
192,192,83290,1,0,0:0:0:0:
320,256,83311,1,0,0:0:0:0:
320,256,83333,1,0,0:0:0:0:
320,128,83354,1,0,0:0:0:0:
320,128,83376,1,0,0:0:0:0:
192,192,83397,1,0,0:0:0:0:
192,192,83418,1,0,0:0:0:0:
320,256,83440,1,0,0:0:0:0:
320,256,83461,1,0,0:0:0:0:
256,128,83483,1,0,0:0:0:0:
256,128,83504,1,0,0:0:0:0:
192,256,83526,1,0,0:0:0:0:
192,256,83547,1,0,0:0:0:0:
320,192,83568,1,0,0:0:0:0:
320,192,83590,1,0,0:0:0:0:
192,192,83611,1,0,0:0:0:0:
192,192,83633,1,0,0:0:0:0:
320,256,83654,1,0,0:0:0:0:
320,256,83676,1,0,0:0:0:0:
320,128,83697,1,0,0:0:0:0:
256,128,83718,1,0,0:0:0:0:
192,128,83739,1,0,0:0:0:0:
192,192,83761,1,0,0:0:0:0:
256,192,83782,1,0,0:0:0:0:
320,192,83804,1,0,0:0:0:0:
320,256,83825,1,0,0:0:0:0:
256,256,83847,1,0,0:0:0:0:
192,256,83868,1,0,0:0:0:0:
192,192,83889,1,0,0:0:0:0:
192,128,83911,1,0,0:0:0:0:
256,128,83932,1,0,0:0:0:0:
256,192,83954,1,0,0:0:0:0:
256,256,83975,1,0,0:0:0:0:
320,256,83997,1,0,0:0:0:0:
320,192,84018,1,0,0:0:0:0:
256,192,84039,1,0,0:0:0:0:
192,192,84061,1,0,0:0:0:0:
192,128,84082,1,0,0:0:0:0:
256,128,84104,1,0,0:0:0:0:
256,192,84125,1,0,0:0:0:0:
256,256,84147,1,0,0:0:0:0:
192,256,84168,1,0,0:0:0:0:
192,192,84189,1,0,0:0:0:0:
256,192,84211,1,0,0:0:0:0:
320,192,84232,1,0,0:0:0:0:
320,128,84254,1,0,0:0:0:0:
256,128,84275,1,0,0:0:0:0:
256,192,84297,1,0,0:0:0:0:
256,256,84318,1,0,0:0:0:0:
320,256,84339,1,0,0:0:0:0:
320,192,84361,1,0,0:0:0:0:
256,192,84382,1,0,0:0:0:0:
192,192,84404,1,0,0:0:0:0:
192,128,84425,1,0,0:0:0:0:
256,128,84447,1,0,0:0:0:0:
256,192,84468,1,0,0:0:0:0:
256,256,84489,1,0,0:0:0:0:
192,256,84511,1,0,0:0:0:0:
192,192,84532,1,0,0:0:0:0:
256,192,84554,1,0,0:0:0:0:
320,192,84575,1,0,0:0:0:0:
320,128,84597,1,0,0:0:0:0:
256,128,84618,1,0,0:0:0:0:
192,128,84639,1,0,0:0:0:0:
192,192,84661,1,0,0:0:0:0:
192,256,84682,1,0,0:0:0:0:
256,256,84704,1,0,0:0:0:0:
320,256,84725,1,0,0:0:0:0:
320,256,84736,1,0,0:0:0:0:
256,128,84747,1,0,0:0:0:0:
256,128,84757,1,0,0:0:0:0:
192,256,84768,1,0,0:0:0:0:
192,256,84779,1,0,0:0:0:0:
320,192,84789,1,0,0:0:0:0:
320,192,84800,1,0,0:0:0:0:
192,128,84811,1,0,0:0:0:0:
192,128,84822,1,0,0:0:0:0:
256,256,84832,1,0,0:0:0:0:
256,256,84843,1,0,0:0:0:0:
320,128,84854,1,0,0:0:0:0:
320,128,84864,1,0,0:0:0:0:
192,192,84875,1,0,0:0:0:0:
192,192,84886,1,0,0:0:0:0:
320,256,84897,1,0,0:0:0:0:
320,256,84908,1,0,0:0:0:0:
256,128,84919,1,0,0:0:0:0:
256,128,84929,1,0,0:0:0:0:
192,256,84940,1,0,0:0:0:0:
192,256,84951,1,0,0:0:0:0:
320,192,84961,1,0,0:0:0:0:
320,192,84972,1,0,0:0:0:0:
192,128,84983,1,0,0:0:0:0:
192,128,84994,1,0,0:0:0:0:
256,256,85004,1,0,0:0:0:0:
256,256,85015,1,0,0:0:0:0:
320,128,85026,1,0,0:0:0:0:
320,128,85036,1,0,0:0:0:0:
192,192,85047,1,0,0:0:0:0:
192,192,85058,1,0,0:0:0:0:
320,256,85068,1,0,0:0:0:0:
256,128,85089,1,0,0:0:0:0:
192,256,85111,1,0,0:0:0:0:
320,192,85132,1,0,0:0:0:0:
192,128,85154,1,0,0:0:0:0:
256,256,85175,1,0,0:0:0:0:
320,128,85197,1,0,0:0:0:0:
192,192,85218,1,0,0:0:0:0:
320,256,85239,1,0,0:0:0:0:
256,128,85260,1,0,0:0:0:0:
192,256,85282,1,0,0:0:0:0:
320,192,85303,1,0,0:0:0:0:
192,128,85325,1,0,0:0:0:0:
256,256,85346,1,0,0:0:0:0:
320,128,85368,1,0,0:0:0:0:
192,192,85389,1,0,0:0:0:0:
320,256,85411,1,0,0:0:0:0:
256,128,85432,1,0,0:0:0:0:
192,256,85454,1,0,0:0:0:0:
320,192,85475,1,0,0:0:0:0:
192,128,85497,1,0,0:0:0:0:
256,256,85518,1,0,0:0:0:0:
320,128,85540,1,0,0:0:0:0:
192,192,85561,1,0,0:0:0:0:
320,256,85582,1,0,0:0:0:0:
256,128,85603,1,0,0:0:0:0:
192,256,85625,1,0,0:0:0:0:
320,192,85646,1,0,0:0:0:0:
192,128,85668,1,0,0:0:0:0:
256,256,85689,1,0,0:0:0:0:
320,128,85711,1,0,0:0:0:0:
192,192,85732,1,0,0:0:0:0:
320,256,85754,1,0,0:0:0:0:
256,128,85775,1,0,0:0:0:0:
192,256,85797,1,0,0:0:0:0:
320,192,85818,1,0,0:0:0:0:
192,128,85840,1,0,0:0:0:0:
256,256,85861,1,0,0:0:0:0:
320,128,85883,1,0,0:0:0:0:
192,192,85904,1,0,0:0:0:0:
320,256,85925,1,0,0:0:0:0:
256,128,85946,1,0,0:0:0:0:
192,256,85968,1,0,0:0:0:0:
320,192,85989,1,0,0:0:0:0:
192,128,86011,1,0,0:0:0:0:
256,256,86032,1,0,0:0:0:0:
320,128,86054,1,0,0:0:0:0:
192,192,86075,1,0,0:0:0:0:
320,256,86097,1,0,0:0:0:0:
256,128,86118,1,0,0:0:0:0:
192,256,86140,1,0,0:0:0:0:
320,192,86161,1,0,0:0:0:0:
192,128,86183,1,0,0:0:0:0:
256,256,86204,1,0,0:0:0:0:
320,128,86226,1,0,0:0:0:0:
192,192,86247,1,0,0:0:0:0:
320,256,86268,1,0,0:0:0:0:
256,128,86289,1,0,0:0:0:0:
192,256,86311,1,0,0:0:0:0:
320,192,86332,1,0,0:0:0:0:
192,128,86354,1,0,0:0:0:0:
256,256,86375,1,0,0:0:0:0:
320,128,86397,1,0,0:0:0:0:
192,192,86418,1,0,0:0:0:0:
320,256,86439,1,0,0:0:0:0:
320,192,86461,1,0,0:0:0:0:
256,128,86482,1,0,0:0:0:0:
320,128,87811,1,0,0:0:0:0:
256,128,87832,1,0,0:0:0:0:
192,128,87854,1,0,0:0:0:0:
192,192,87875,1,0,0:0:0:0:
256,192,87897,1,0,0:0:0:0:
320,192,87918,1,0,0:0:0:0:
320,256,87939,1,0,0:0:0:0:
256,256,87961,1,0,0:0:0:0:
192,256,87982,1,0,0:0:0:0:
192,192,88025,1,0,0:0:0:0:
192,128,88068,1,0,0:0:0:0:
256,128,88111,1,0,0:0:0:0:
320,128,88154,1,0,0:0:0:0:
320,192,88175,1,0,0:0:0:0:
320,256,88197,1,0,0:0:0:0:
256,256,88218,1,0,0:0:0:0:
256,192,88239,1,0,0:0:0:0:
256,128,88261,1,0,0:0:0:0:
192,128,88282,1,0,0:0:0:0:
192,192,88304,1,0,0:0:0:0:
192,256,88325,1,0,0:0:0:0:
256,256,88368,1,0,0:0:0:0:
320,256,88411,1,0,0:0:0:0:
320,192,88454,1,0,0:0:0:0:
320,128,88497,1,0,0:0:0:0:
256,128,88518,1,0,0:0:0:0:
256,192,88539,1,0,0:0:0:0:
256,256,88561,1,0,0:0:0:0:
192,256,88582,1,0,0:0:0:0:
192,192,88604,1,0,0:0:0:0:
256,192,88625,1,0,0:0:0:0:
320,192,88647,1,0,0:0:0:0:
320,256,88668,1,0,0:0:0:0:
256,256,88711,1,0,0:0:0:0:
256,192,88754,1,0,0:0:0:0:
256,128,88797,1,0,0:0:0:0:
192,128,88839,1,0,0:0:0:0:
192,192,88861,1,0,0:0:0:0:
192,256,88882,1,0,0:0:0:0:
256,256,88904,1,0,0:0:0:0:
320,256,88925,1,0,0:0:0:0:
320,192,88947,1,0,0:0:0:0:
256,192,88968,1,0,0:0:0:0:
192,192,88989,1,0,0:0:0:0:
192,128,89011,1,0,0:0:0:0:
256,128,89054,1,0,0:0:0:0:
256,192,89097,1,0,0:0:0:0:
256,256,89139,1,0,0:0:0:0:
320,256,89182,1,0,0:0:0:0:
320,192,89204,1,0,0:0:0:0:
320,128,89225,1,0,0:0:0:0:
256,128,89247,1,0,0:0:0:0:
256,192,89268,1,0,0:0:0:0:
256,256,89289,1,0,0:0:0:0:
192,256,89311,1,0,0:0:0:0:
192,192,89332,1,0,0:0:0:0:
192,128,89354,1,0,0:0:0:0:
256,128,89397,1,0,0:0:0:0:
320,128,89439,1,0,0:0:0:0:
320,192,89482,1,0,0:0:0:0:
320,256,89525,1,0,0:0:0:0:
256,256,89547,1,0,0:0:0:0:
256,192,89568,1,0,0:0:0:0:
256,128,89589,1,0,0:0:0:0:
192,128,89611,1,0,0:0:0:0:
192,192,89632,1,0,0:0:0:0:
192,256,89654,1,0,0:0:0:0:
256,256,89675,1,0,0:0:0:0:
320,256,89697,1,0,0:0:0:0:
320,192,89739,1,0,0:0:0:0:
320,128,89782,1,0,0:0:0:0:
256,128,89825,1,0,0:0:0:0:
192,128,89868,1,0,0:0:0:0:
192,192,89889,1,0,0:0:0:0:
192,256,89911,1,0,0:0:0:0:
256,256,89932,1,0,0:0:0:0:
320,256,89954,1,0,0:0:0:0:
320,192,89975,1,0,0:0:0:0:
320,128,89997,1,0,0:0:0:0:
256,128,90018,1,0,0:0:0:0:
192,128,90039,1,0,0:0:0:0:
192,192,90082,1,0,0:0:0:0:
256,192,90125,1,0,0:0:0:0:
320,192,90168,1,0,0:0:0:0:
320,256,90211,1,0,0:0:0:0:
256,256,90232,1,0,0:0:0:0:
192,256,90254,1,0,0:0:0:0:
192,192,90275,1,0,0:0:0:0:
256,192,90297,1,0,0:0:0:0:
320,192,90318,1,0,0:0:0:0:
320,128,90339,1,0,0:0:0:0:
256,128,90361,1,0,0:0:0:0:
192,128,90382,1,0,0:0:0:0:
192,192,90425,1,0,0:0:0:0:
256,192,90468,1,0,0:0:0:0:
320,192,90511,1,0,0:0:0:0:
320,256,90554,1,0,0:0:0:0:
256,256,90575,1,0,0:0:0:0:
192,256,90597,1,0,0:0:0:0:
192,192,90618,1,0,0:0:0:0:
256,192,90639,1,0,0:0:0:0:
320,192,90661,1,0,0:0:0:0:
320,128,90682,1,0,0:0:0:0:
256,128,90704,1,0,0:0:0:0:
192,128,90725,1,0,0:0:0:0:
192,192,90768,1,0,0:0:0:0:
192,256,90811,1,0,0:0:0:0:
256,256,90854,1,0,0:0:0:0:
320,256,90897,1,0,0:0:0:0:
320,192,90918,1,0,0:0:0:0:
256,192,90939,1,0,0:0:0:0:
192,192,90961,1,0,0:0:0:0:
192,128,90982,1,0,0:0:0:0:
256,128,91004,1,0,0:0:0:0:
256,192,91025,1,0,0:0:0:0:
256,256,91047,1,0,0:0:0:0:
320,256,91068,1,0,0:0:0:0:
320,192,91111,1,0,0:0:0:0:
320,128,91154,1,0,0:0:0:0:
256,128,91197,1,0,0:0:0:0:
192,128,91239,1,0,0:0:0:0:
256,256,91411,1,0,0:0:0:0:
320,128,91582,1,0,0:0:0:0:
320,256,91754,1,0,0:0:0:0:
256,128,91925,1,0,0:0:0:0:
192,256,92097,1,0,0:0:0:0:
320,192,92268,1,0,0:0:0:0:
192,128,92439,1,0,0:0:0:0:
256,256,92611,1,0,0:0:0:0:
320,128,92782,1,0,0:0:0:0:
320,256,92954,1,0,0:0:0:0:
256,128,93125,1,0,0:0:0:0:
192,256,93297,1,0,0:0:0:0:
320,192,93468,1,0,0:0:0:0:
192,128,93639,1,0,0:0:0:0:
256,256,93811,1,0,0:0:0:0:
320,128,93982,1,0,0:0:0:0:
320,256,94154,1,0,0:0:0:0:
256,128,94325,1,0,0:0:0:0:
192,256,94497,1,0,0:0:0:0:
320,192,94668,1,0,0:0:0:0:
192,128,94839,1,0,0:0:0:0:
256,256,95011,1,0,0:0:0:0:
320,128,95182,1,0,0:0:0:0:
320,256,95354,1,0,0:0:0:0:
256,128,95525,1,0,0:0:0:0:
192,256,95697,1,0,0:0:0:0:
320,192,95868,1,0,0:0:0:0:
192,192,96039,1,0,0:0:0:0:
320,256,96211,1,0,0:0:0:0:
320,128,96382,1,0,0:0:0:0:
256,256,96554,1,0,0:0:0:0:
192,128,96725,1,0,0:0:0:0:
320,256,96897,1,0,0:0:0:0:
256,128,97068,1,0,0:0:0:0:
192,256,97239,1,0,0:0:0:0:
320,256,97411,1,0,0:0:0:0:
320,256,97582,1,0,0:0:0:0:
320,192,97754,1,0,0:0:0:0:
320,192,97925,1,0,0:0:0:0:
320,128,98097,1,0,0:0:0:0:
320,128,98268,1,0,0:0:0:0:
256,128,98439,1,0,0:0:0:0:
256,128,98611,1,0,0:0:0:0:
192,128,98782,1,0,0:0:0:0:
192,192,98804,1,0,0:0:0:0:
256,256,98825,1,0,0:0:0:0:
208,143,99125,1,0,0:0:0:0:
208,192,99147,1,0,0:0:0:0:
256,240,99168,1,0,0:0:0:0:
220,156,99468,1,0,0:0:0:0:
220,192,99490,1,0,0:0:0:0:
256,228,99511,1,0,0:0:0:0:
229,165,99811,1,0,0:0:0:0:
229,192,99833,1,0,0:0:0:0:
256,219,99854,1,0,0:0:0:0:
235,171,100154,1,0,0:0:0:0:
235,192,100176,1,0,0:0:0:0:
256,212,100197,1,0,0:0:0:0: